700 106
453 961 1104 1148 1215 1358 1376 1403 1450 1511 1551 1690 1717 1741 1935 1957 2065 2190 2305 2307 2343 2506 2584 2590 2642 2646 2707 2733 2771 2960 3049 3079 3104 3231 3278 3303 3362 3384 3450 3495 3557 3634 3643 3679 3713 3717 3775 3797 3798 3831 3914 3973 4005 4006 4141 4226 4230 4236 4280 4316 4383 4394 4483 4485 4488 4502 4545 4579 4606 4639 4680 4689 4690 4753 4830 4858 4864 4947 5006 5062 5087 5126 5152 5161 5167 5181 5192 5198 5200 5205 5212 5215 5275 5278 5375 5388 5465 5472 5542 5546 5577 5584 5589 5603 5606 5616 5644 5668 5672 5678 5685 5686 5689 5692 5729 5752 5818 5860 5872 5890 5895 5905 5913 5921 5929 5970 6014 6045 6050 6096 6155 6157 6164 6176 6178 6192 6195 6198 6238 6245 6246 6256 6287 6344 6382 6386 6387 6388 6404 6406 6433 6448 6484 6501 6615 6628 6629 6630 6660 6664 6670 6683 6697 6752 6800 6845 6889 6900 6905 6906 6910 6925 6960 6970 6976 6978 7029 7071 7087 7101 7132 7139 7191 7192 7208 7209 7213 7255 7287 7297 7400 7413 7434 7440 7459 7476 7479 7494 7541 7551 7631 7643 7673 7685 7731 7751 7762 7767 7777 7791 7807 7820 7822 7825 7837 7839 7857 7867 7872 7873 7910 7911 7957 7981 7997 8001 8021 8038 8057 8065 8092 8145 8156 8158 8181 8198 8209 8260 8266 8281 8302 8305 8329 8332 8335 8343 8362 8401 8423 8427 8432 8433 8451 8464 8485 8513 8540 8547 8563 8586 8597 8644 8661 8674 8700 8724 8769 8812 8819 8847 8879 8880 8918 8924 8925 8926 8943 8960 8967 8998 9000 9023 9041 9073 9090 9104 9127 9158 9184 9194 9195 9199 9236 9255 9256 9275 9286 9297 9362 9370 9378 9395 9399 9405 9462 9464 9471 9477 9499 9511 9521 9547 9556 9557 9563 9575 9627 9642 9643 9645 9726 9730 9733 9737 9759 9805 9815 9816 9821 9841 9853 9860 9874 9946 9954 9955 9966 9977 9997 10015 10018 10019 10025 10061 10071 10085 10089 10092 10097 10130 10179 10183 10197 10228 10239 10302 10335 10342 10362 10393 10402 10403 10446 10452 10456 10485 10493 10531 10545 10568 10572 10574 10591 10602 10611 10618 10622 10624 10634 10641 10648 10675 10719 10721 10731 10753 10758 10762 10766 10797 10806 10822 10841 10843 10848 10859 10860 10876 10879 10884 10893 10899 10900 10924 10948 10957 10985 10988 10995 11003 11009 11010 11021 11041 11048 11060 11062 11080 11100 11109 11136 11147 11161 11193 11195 11196 11202 11232 11240 11242 11250 11251 11257 11262 11272 11281 11317 11349 11405 11408 11412 11437 11439 11491 11498 11507 11510 11511 11527 11548 11556 11575 11578 11593 11618 11646 11674 11677 11703 11750 11752 11753 11756 11798 11800 11862 11869 11874 11925 11950 11964 11967 11969 11994 12001 12010 12011 12015 12023 12033 12037 12040 12048 12054 12077 12080 12096 12100 12197 12199 12210 12216 12223 12270 12276 12306 12311 12322 12335 12353 12365 12370 12380 12392 12395 12396 12416 12428 12486 12496 12499 12504 12507 12535 12540 12556 12581 12607 12617 12633 12647 12668 12761 12764 12768 12778 12800 12822 12860 12887 12889 12934 12941 13026 13061 13062 13091 13100 13113 13124 13140 13141 13147 13154 13182 13223 13227 13242 13275 13298 13332 13373 13389 13390 13488 13592 13607 13623 13660 13720 13723 13733 13757 13785 13805 13856 13868 13885 13895 13916 13923 13932 13983 13990 14000 14046 14051 14055 14069 14134 14191 14197 14219 14241 14251 14264 14279 14285 14355 14416 14443 14455 14481 14489 14494 14497 14530 14532 14540 14544 14573 14633 14679 14726 14737 14740 14750 14757 14767 14789 14832 14852 14865 14918 14998 15011 15018 15032 15034 15048 15065 15133 15136 15142 15146 15163 15188 15224 15239 15250 15253 15280 15292 15297 15303 15306 15353 15372 15376 15482 15487 15489 15509 15579 15599 15788 15810 15904 15983 16127 16197 16207 16305 16397 16497 16528 16568 16639 16646 16691 16824 16827 16869 16917 16932 16958 16973 16998 17009 17050 17165 17200 17310 17354 17357 17367 17395 17484 17494 17540 17550 17551 17576 17602 17606 17613 17665 17734 17973 18074 18322 18328 18473 18684 18817 18860 19214 19387 19631 19774 
9211 10115
8552 22800
646 15202
2444 11608
6312 7543
9884 12599
595 8218
2586 8292
4563 18095
2831 5806
8583 13236
9145 24140
1593 13012
9730 11349
6460 10322
5886 13276
4353 7748
8081 17490
3238 8165
5834 10880
8940 22185
2528 4147
9843 22126
856 3119
7524 11415
3760 7215
5018 19815
9099 24066
766 4440
3529 18341
1134 6369
5138 15040
9210 10986
4496 13971
1019 2175
5430 11131
4239 18060
2720 3046
8517 14527
6968 11946
1681 3471
8514 16597
9949 23718
6309 7031
4989 16914
7367 17392
4733 7802
3651 4472
9705 10347
3770 13723
5672 17559
3251 5465
4806 12450
7184 9046
1917 9494
5471 13135
7280 9312
4665 13886
6643 16871
5402 13171
8378 12683
5006 12211
1644 7861
3141 11551
9843 17192
6130 11866
7827 12112
3910 4538
9749 23907
1603 15043
2288 6218
5968 19084
738 10336
1673 9419
8688 10516
8559 18390
8920 16849
5699 18112
911 13416
1482 9672
8796 19050
3038 7362
1040 11968
5554 11229
3776 7438
3295 16430
6176 13762
9039 19665
6702 12305
6277 7506
8664 8708
5383 5399
411 1197
2026 10031
6042 19252
6457 7904
1543 10744
8273 22161
1489 6006
7963 17138
4538 7411
1623 14840
2083 5185
2257 14119
2662 16786
1155 15255
