8 4
8 9 11 15 22 26 55 112
5 5
5 7
5 8
5 9
5 10
5 11 
5 55
5 88
5 112
5 120
7 5
7 7
7 8
7 9
7 10
7 11 
7 55
7 88
7 112
7 120
8 5
8 7
8 8
8 9
8 10
8 11 
8 55
8 88
8 112
8 120
9 5
9 7
9 8
9 9
9 10
9 11 
9 55
9 88
9 112
9 120
10 5
10 7
10 8
10 9
10 10
10 11 
10 55
10 88
10 112
10 120
11 5
11 7
11 8
11 9
11 10
11 11 
11 55
11 88
11 112
11 120
55 5
55 7
55 8
55 9
55 10
55 11 
55 55
55 88
55 112
55 120
88 5
88 7
88 8
88 9
88 10
88 11 
88 55
88 88
88 112
88 120
112 5
112 7
112 8
112 9
112 10
112 11 
112 55
112 88
112 112
112 120
120 5
120 7
120 8
120 9
120 10
120 11 
120 55
120 88
120 112
120 120
5 5
5 7
5 8
5 9
5 10
5 11 
5 55
5 88
5 112
5 120
5 5
5 7
5 8
5 9
5 10
5 11 
5 55
5 88
5 112
5 120
